1 1  1 1  1 1  1 1  1 1  1 1  1 1  1 1  1 1  1 1  1 1  0 1  
0 1  -1 4  -1 2  1 2  3 4  -1 1  1 1  -4 3  -2 1  2 1  4 1  0 1  
0 1  1 16  1 4  1 4  9 16  1 1  1 1  16 9  4 1  4 1  16 1  0 1  
0 1  -1 64  -1 8  1 8  27 64  -1 1  1 1  -64 27  -8 1  8 1  64 1  0 1  
0 1  1 256  1 16  1 16  81 256  1 1  1 1  256 81  16 1  16 1  256 1  0 1  
0 1  -1 1024  -1 32  1 32  243 1024  -1 1  1 1  -1024 243  -32 1  32 1  1024 1  0 1  
0 1  1 4096  1 64  1 64  729 4096  1 1  1 1  4096 729  64 1  64 1  4096 1  0 1  
0 1  -1 16384  -1 128  1 128  2187 16384  -1 1  1 1  -16384 2187  -128 1  128 1  16384 1  0 1  
0 1  1 65536  1 256  1 256  6561 65536  1 1  1 1  65536 6561  256 1  256 1  65536 1  0 1  
0 1  -1 262144  -1 512  1 512  19683 262144  -1 1  1 1  -262144 19683  -512 1  512 1  262144 1  1 1  
