1 1  15 4  -25 4  -315 16  21 2  315 16  -25 4  -15 4  1 1  0 1  
0 1  -4 1  1 1  21 1  -21 4  -21 1  21 4  4 1  -1 1  0 1  
0 1  2 1  7 2  -39 2  -3 8  87 4  -33 8  -17 4  1 1  0 1  
0 1  2 1  23 2  21 2  -147 8  -63 4  63 8  13 4  -1 1  0 1  
0 1  -1 1  -11 4  9 1  171 16  -339 16  3 2  19 4  -1 1  0 1  
0 1  -1 1  -19 4  3 2  339 16  171 16  -9 1  -11 4  1 1  0 1  
0 1  1 2  13 8  -63 16  -63 8  147 16  21 4  -23 4  1 1  0 1  
0 1  1 2  17 8  -33 16  -87 8  -3 16  39 4  7 4  -1 1  0 1  
0 1  -1 4  -1 1  21 16  21 4  -21 16  -21 4  1 4  1 1  0 1  
0 1  1 1  15 4  -25 4  -315 16  21 2  315 16  -25 4  -15 4  1 1  
