1 1  19 6  -151 16  -475 24  1807 64  133 4  -1807 64  -475 24  151 16  19 6  -1 1  0 1  
0 1  -4 1  10 3  293 12  -37 2  -623 16  91 4  351 16  -103 12  -41 12  1 1  0 1  
0 1  2 1  7 3  -565 24  15 2  1327 32  -263 16  -755 32  365 48  11 3  -1 1  0 1  
0 1  2 1  31 3  43 24  -36 1  -497 32  567 16  461 32  -517 48  -8 3  1 1  0 1  
0 1  -4 3  -6 1  55 12  65 2  91 16  -147 4  -545 48  45 4  29 12  -1 1  0 1  
0 1  -1 1  -13 6  557 48  131 16  -2331 64  203 64  401 16  -253 48  -25 6  1 1  0 1  
0 1  1 1  25 6  -253 48  -401 16  203 64  2331 64  131 16  -557 48  -13 6  1 1  0 1  
0 1  3 4  29 16  -135 16  -545 64  441 16  273 64  -195 8  55 16  9 2  -1 1  0 1  
0 1  -1 2  -4 3  517 96  461 64  -567 32  -497 64  18 1  43 48  -31 6  1 1  0 1  
0 1  -1 2  -11 6  365 96  755 64  -263 32  -1327 64  15 4  565 48  7 6  -1 1  0 1  
0 1  1 4  41 48  -103 48  -351 64  91 16  623 64  -37 8  -293 48  5 6  1 1  0 1  
0 1  -1 1  -19 6  151 16  475 24  -1807 64  -133 4  1807 64  475 24  -151 16  -19 6  1 1  
